grep -n +7 numbers.txt
+79447659121
+12134141414
+12134141414  
+12134141414
+79447659122
+12134141414
+79447659123
+79447659124
+12134141414
+12134141414
+12134141414
+79447659125
+79447659126
+12134141414
+79447659127
+79447659128
+12134141414
+79447659129
+12134141414
+79447659120
+12134141414
+12134141414
+79447659131
+79447659132
+12134141414
+79447659133
+12134141414
+12134141414
+79447659134
+79447659135
+79447659136
+79447659137
+79447659138
+79447659139
+79447659140
+79447659141
+12134141414
